%YAML:1.0
cameraMatrix: !!opencv-matrix
   rows: 3
   cols: 3
   dt: d
   data: [ 5.7752028254743732e+02, 0., 3.1948216494769986e+02, 0.,
       5.7637920359717850e+02, 2.5628425306786033e+02, 0., 0., 1. ]
imageSize_width: 640
imageSize_height: 480
sensorSize_width: 0
sensorSize_height: 0
distCoeffs: !!opencv-matrix
   rows: 5
   cols: 1
   dt: d
   data: [ -1.4048801110194184e-01, 4.9510240693329338e-01,
       1.4507413909595132e-03, -2.0540283888466327e-03,
       -6.7325397706156487e-01 ]
reprojectionError: 3.6698091030120850e-01
features:
   - [ [ 4.80328613e+02, 2.76582977e+02, 4.83930450e+02, 2.99565002e+02,
       4.87117279e+02, 3.23205780e+02, 4.90479126e+02, 3.48026245e+02,
       4.93616272e+02, 3.73091919e+02, 4.97227478e+02, 3.99616699e+02,
       5.00328430e+02, 4.26483459e+02, 4.60286682e+02, 2.74249695e+02,
       4.63610535e+02, 2.97393402e+02, 4.66627686e+02, 3.21521820e+02,
       4.69515533e+02, 3.46475677e+02, 4.72739258e+02, 3.72328857e+02,
       4.75605713e+02, 3.98664490e+02, 4.78910553e+02, 4.26578857e+02,
       4.39479523e+02, 2.71760559e+02, 4.42524170e+02, 2.95344818e+02,
       4.45267822e+02, 3.19736267e+02, 4.47925964e+02, 3.45111084e+02,
       4.50701202e+02, 3.71217010e+02, 4.53592865e+02, 3.98325562e+02,
       4.56088898e+02, 4.26191833e+02, 4.18168610e+02, 2.69257751e+02,
       4.20571899e+02, 2.93130402e+02, 4.23115906e+02, 3.18019684e+02,
       4.25511719e+02, 3.43566040e+02, 4.28045410e+02, 3.70098083e+02,
       4.30385223e+02, 3.97577942e+02, 4.32939209e+02, 4.26121490e+02,
       3.95826141e+02, 2.66565582e+02, 3.98003265e+02, 2.90874176e+02,
       4.00108795e+02, 3.15996307e+02, 4.02102875e+02, 3.42082428e+02,
       4.04221100e+02, 3.69018707e+02, 4.06342896e+02, 3.96923370e+02,
       4.08204620e+02, 4.25867615e+02, 3.72873627e+02, 2.63797211e+02,
       3.74589844e+02, 2.88486542e+02, 3.76066223e+02, 3.14053162e+02,
       3.77810150e+02, 3.40456757e+02, 3.79655945e+02, 3.67726410e+02,
       3.81236481e+02, 3.96250061e+02, 3.82694244e+02, 4.25730499e+02,
       3.48729370e+02, 2.60963013e+02, 3.50013824e+02, 2.86060486e+02,
       3.51548065e+02, 3.12060730e+02, 3.52662689e+02, 3.38816376e+02,
       3.53916443e+02, 3.66575439e+02, 3.55153137e+02, 3.95440094e+02,
       3.56105774e+02, 4.25456024e+02, 3.23946472e+02, 2.58134216e+02,
       3.24919006e+02, 2.83491638e+02, 3.25658936e+02, 3.09825226e+02,
       3.26601349e+02, 3.37042847e+02, 3.27316071e+02, 3.65275177e+02,
       3.27936493e+02, 3.94559814e+02, 3.28533081e+02, 4.25163239e+02,
       2.98430176e+02, 2.55068954e+02, 2.98905548e+02, 2.80724701e+02,
       2.99334229e+02, 3.07538971e+02, 2.99434326e+02, 3.35161652e+02,
       2.99655884e+02, 3.63997009e+02, 2.99757599e+02, 3.93741302e+02,
       2.99713745e+02, 4.24883728e+02, 2.71869690e+02, 2.51998703e+02,
       2.71845367e+02, 2.78147064e+02, 2.71688721e+02, 3.05185730e+02,
       2.71354797e+02, 3.33262146e+02, 2.70995422e+02, 3.62435699e+02,
       2.70507416e+02, 3.92782715e+02, 2.69986176e+02, 4.24343719e+02 ] ]
   - [ [ 5.13947510e+02, 1.76230408e+02, 5.18493103e+02, 2.05412643e+02,
       5.23028564e+02, 2.35902283e+02, 5.27411743e+02, 2.67855743e+02,
       5.32116699e+02, 3.01103302e+02, 5.36728638e+02, 3.35717987e+02,
       5.41538818e+02, 3.71758118e+02, 4.87522278e+02, 1.70391968e+02,
       4.92288879e+02, 1.99781448e+02, 4.96210449e+02, 2.31040207e+02,
       5.00017517e+02, 2.63675995e+02, 5.04407654e+02, 2.97638916e+02,
       5.08677673e+02, 3.33002960e+02, 5.13018311e+02, 3.70067627e+02,
       4.60487091e+02, 1.64127960e+02, 4.64295471e+02, 1.94239227e+02,
       4.67933777e+02, 2.25900604e+02, 4.71418457e+02, 2.59253418e+02,
       4.75340027e+02, 2.93954346e+02, 4.79209076e+02, 3.30397858e+02,
       4.82836945e+02, 3.68233887e+02, 4.31759155e+02, 1.57474930e+02,
       4.35003387e+02, 1.88371521e+02, 4.38148926e+02, 2.20770447e+02,
       4.41482178e+02, 2.54543747e+02, 4.44630707e+02, 2.90167114e+02,
       4.47974640e+02, 3.27322144e+02, 4.51586060e+02, 3.66402618e+02,
       4.02046509e+02, 1.50624832e+02, 4.04403809e+02, 1.82060150e+02,
       4.07058533e+02, 2.15049530e+02, 4.09504486e+02, 2.49720901e+02,
       4.12346100e+02, 2.86112854e+02, 4.15320099e+02, 3.24349854e+02,
       4.17619537e+02, 3.63891663e+02, 3.70503510e+02, 1.43338287e+02,
       3.72657135e+02, 1.75292496e+02, 3.74359985e+02, 2.08968430e+02,
       3.76356934e+02, 2.44531036e+02, 3.78447357e+02, 2.81664124e+02,
       3.80321259e+02, 3.20922150e+02, 3.82400116e+02, 3.61613983e+02,
       3.37788818e+02, 1.35985657e+02, 3.38562042e+02, 1.68464691e+02,
       3.39662994e+02, 2.02829056e+02, 3.40843109e+02, 2.38964966e+02,
       3.42143799e+02, 2.77365875e+02, 3.43434540e+02, 3.17327911e+02,
       3.44482727e+02, 3.59207672e+02, 3.02877655e+02, 1.28179703e+02,
       3.03374481e+02, 1.61474442e+02, 3.03307159e+02, 1.96371185e+02,
       3.03511383e+02, 2.33330505e+02, 3.03758057e+02, 2.72372650e+02,
       3.04066101e+02, 3.13577545e+02, 3.04342957e+02, 3.56437073e+02,
       2.66894806e+02, 1.20303131e+02, 2.66177551e+02, 1.53669708e+02,
       2.65403748e+02, 1.89655701e+02, 2.64298615e+02, 2.27391739e+02,
       2.63431885e+02, 2.67401917e+02, 2.62609192e+02, 3.09411530e+02,
       2.61827667e+02, 3.53918518e+02, 2.28364990e+02, 1.11746353e+02,
       2.27102722e+02, 1.46307419e+02, 2.25048218e+02, 1.82511719e+02,
       2.23159012e+02, 2.21316772e+02, 2.21028595e+02, 2.62053101e+02,
       2.19188004e+02, 3.05093567e+02, 2.16633804e+02, 3.50799408e+02 ] ]
   - [ [ 5.42488953e+02, 2.15449631e+02, 5.46273682e+02, 2.39733780e+02,
       5.50293762e+02, 2.64943817e+02, 5.54392883e+02, 2.91701080e+02,
       5.58624878e+02, 3.19352356e+02, 5.63106812e+02, 3.48547668e+02,
       5.67588135e+02, 3.78759552e+02, 5.13959595e+02, 2.18126129e+02,
       5.17285461e+02, 2.41830170e+02, 5.20552246e+02, 2.67176636e+02,
       5.23920227e+02, 2.93541199e+02, 5.27530396e+02, 3.21102203e+02,
       5.31267273e+02, 3.49668091e+02, 5.35061890e+02, 3.79902740e+02,
       4.86170319e+02, 2.20494507e+02, 4.88715302e+02, 2.44269577e+02,
       4.91413361e+02, 2.69016510e+02, 4.94235565e+02, 2.95492004e+02,
       4.97011108e+02, 3.22675751e+02, 5.00016693e+02, 3.51210846e+02,
       5.03078705e+02, 3.80849457e+02, 4.58763763e+02, 2.22750977e+02,
       4.60691284e+02, 2.46472549e+02, 4.62893005e+02, 2.71441162e+02,
       4.64842316e+02, 2.96942719e+02, 4.67138702e+02, 3.24251617e+02,
       4.69500336e+02, 3.52304901e+02, 4.71958832e+02, 3.81678162e+02,
       4.31743927e+02, 2.25033646e+02, 4.33182251e+02, 2.48579941e+02,
       4.34647034e+02, 2.73130707e+02, 4.36060730e+02, 2.98886444e+02,
       4.37660706e+02, 3.25789246e+02, 4.39293335e+02, 3.53565826e+02,
       4.41182495e+02, 3.82924042e+02, 4.05482941e+02, 2.27341934e+02,
       4.06421661e+02, 2.50607468e+02, 4.06976837e+02, 2.75204956e+02,
       4.08029907e+02, 3.00631836e+02, 4.09008759e+02, 3.27010651e+02,
       4.09885406e+02, 3.54968872e+02, 4.11033691e+02, 3.83667389e+02,
       3.79583160e+02, 2.29433365e+02, 3.79894623e+02, 2.52609985e+02,
       3.80072571e+02, 2.77110718e+02, 3.80462769e+02, 3.02374817e+02,
       3.80809509e+02, 3.28636230e+02, 3.81017670e+02, 3.55929108e+02,
       3.81406494e+02, 3.84593140e+02, 3.53916901e+02, 2.31637436e+02,
       3.53723450e+02, 2.54837677e+02, 3.53539948e+02, 2.78740082e+02,
       3.53160187e+02, 3.04049866e+02, 3.52895630e+02, 3.29868408e+02,
       3.52631378e+02, 3.57030518e+02, 3.52446930e+02, 3.85430237e+02,
       3.28821381e+02, 2.33828354e+02, 3.28018158e+02, 2.56591003e+02,
       3.27405518e+02, 2.80646332e+02, 3.26534485e+02, 3.05482361e+02,
       3.25661957e+02, 3.31389679e+02, 3.24844208e+02, 3.58294800e+02,
       3.24213715e+02, 3.86324127e+02, 3.04284576e+02, 2.36145477e+02,
       3.02888458e+02, 2.58739716e+02, 3.01628143e+02, 2.82402252e+02,
       3.00459961e+02, 3.07060364e+02, 2.99211121e+02, 3.32651123e+02,
